0 257
1 54
2 23
3 19
4 20
5 23
6 13
7 8
8 15
9 9
10 8
11 12
12 12
13 4
14 6
15 8
16 9
17 10
18 8
19 7
20 10
21 0
22 7
23 4
24 4
25 8
26 8
27 12
28 11
29 11
30 13
31 9
32 5
33 6
34 3
35 9
36 7
37 7
38 7
39 8
40 10
41 7
42 9
43 6
44 5
45 8
46 10
47 8
48 5
49 6
50 6
51 9
52 5
53 3
54 9
55 9
56 11
57 4
58 5
59 8
60 5
61 3
62 6
63 4
64 2
65 6
66 5
67 3
68 4
69 6
70 4
71 2
72 5
73 2
74 7
75 4
76 2
77 4
78 3
79 1
80 2
81 3
82 4
83 3
84 3
85 1
86 5
87 5
88 0
89 1
90 2
91 1
92 1
93 1
94 1
95 2
96 3
97 1
98 3
99 3
100 2
101 0
102 2
103 2
104 1
105 1
106 4
107 0
108 1
109 1
110 1
111 1
112 1
113 2
114 0
115 2
116 2
117 2
118 1
119 1
120 1
121 1
122 0
123 2
124 1
125 2
126 3
127 1
128 1
129 1
130 2
131 0
132 2
133 0
134 1
135 2
136 0
137 0
138 0
139 1
140 0
141 0
142 1
143 0
144 1
145 2
146 0
147 0
148 0
149 1
150 0
151 0
152 0
153 1
154 0
155 0
156 0
157 0
158 0
159 0
160 0
161 0
162 0
163 0
164 0
165 0
166 0
167 1
168 0
169 0
170 0
171 0
172 0
173 0
174 1
175 0
176 0
177 0
178 0
179 0
180 0
181 1
182 0
183 1
184 0
185 0
186 0
187 0
188 0
189 0
190 0
191 0
192 0
193 0
194 0
195 0
196 0
197 0
198 0
199 0
200 0
201 0
202 1
203 0
204 0
205 0
206 0
207 0
208 0
209 0
210 0
211 0
212 0
213 0
214 0
215 0
216 0
217 0
218 0
219 0
220 0
221 0
222 0
223 0
224 0
225 1
226 0
227 0
228 0
229 0
230 0
231 0
232 0
233 0
234 0
235 0
236 0
237 0
238 0
239 0
240 0
241 0
242 0
243 0
244 0
245 0
246 0
247 0
248 0
249 0
250 0
251 0
252 0
253 0
254 0
255 0
256 0
257 0
258 0
259 0
260 0
261 0
262 0
263 0
264 0
265 0
266 0
267 0
268 0
269 0
270 0
271 0
272 0
273 0
274 0
275 0
276 0
277 1
278 0
279 0
280 0
281 0
282 0
283 0
284 0
285 0
286 0
287 0
288 1
289 0
290 1
291 0
292 1
293 0
294 0
295 1
296 1
297 0
298 0
299 0
300 0
301 0
302 0
303 0
304 0
305 1
306 0
307 0
308 0
309 0
310 0
311 1
312 1
313 0
314 0
315 0
316 0
317 0
318 0
319 0
320 0
321 0
322 0
323 0
324 0
325 0
326 1
327 0
328 1
329 0
330 1
331 0
332 0
333 1
334 0
335 1
336 0
337 0
338 0
339 0
340 0
341 3
342 2
343 0
344 0
345 0
346 0
347 0
348 0
349 0
350 0
351 0
352 0
353 0
354 0
355 0
356 0
357 0
358 0
359 0
360 1
361 0
362 0
363 0
364 0
365 0
366 0
367 0
368 0
369 0
370 0
371 0
372 0
373 0
374 1
375 0
376 1
377 0
378 0
379 0
380 1
381 1
382 0
383 0
384 0
385 0
386 0
387 0
388 0
389 0
390 0
391 0
392 1
393 1
394 0
395 0
396 0
397 0
398 0
399 0
400 0
401 0
402 0
403 0
404 0
405 0
406 0
407 0
408 0
409 0
410 0
411 0
412 0
413 0
414 0
415 0
416 0
417 0
418 0
419 0
420 0
421 0
422 1
423 0
424 0
425 1
