0	328	99
1	333	92
2	26	23
3	0	0
4	74	51
5	86	49
6	1	1
7	142	49
8	0	0
9	0	0
10	54	24
11	0	0
12	46	22
13	35	26
14	144	46
15	3	3
16	56	32
17	42	19
18	16	8
19	39	32
20	76	32
21	46	28
22	5	3
23	54	34
24	11	9
25	20	10
26	11	6
27	96	59
28	42	21
29	0	0
30	36	23
31	46	32
32	117	63
33	34	23
34	26	20
35	0	0
36	0	0
37	38	20
38	55	33
39	54	24
40	67	46
41	18	8
42	0	0
43	29	18
44	124	79
45	4	3
46	0	0
47	0	0
48	0	0
49	14	13
50	37	30
51	59	33
52	23	15
53	17	7
54	8	8
55	27	26
56	103	35
57	100	43
58	0	0
59	127	63
60	10	6
61	115	49
62	0	0
63	16	13
64	75	32
65	0	0
66	0	0
67	58	34
68	56	29
69	20	16
70	90	62
71	98	54
72	167	42
73	52	31
74	6	6
75	33	11
76	26	20
77	43	18
78	5	4
79	13	9
80	15	15
81	35	23
82	18	17
83	12	12
84	44	16
85	16	14
86	29	23
87	0	0
88	2	2
89	0	0
90	82	43
91	5	4
92	33	12
93	1	1
94	10	10
95	19	13
96	0	0
97	4	4
98	0	0
99	11	3
100	18	15
101	6	6
102	2	2
103	29	22
104	22	17
105	43	4
106	58	34
107	3	3
108	81	41
109	20	19
110	46	24
111	8	7
112	66	32
113	62	34
114	0	0
115	98	71
116	4	1
117	99	52
118	4	4
119	145	34
120	81	47
121	1	1
122	51	25
123	32	16
124	42	27
125	139	65
126	125	57
127	1	1
128	2	1
129	57	40
130	2	2
131	4	4
132	96	58
133	1	1
134	28	15
135	31	20
136	31	24
137	19	7
138	0	0
139	1	1
140	54	13
141	4	4
142	8	6
143	3	3
144	0	0
145	41	19
146	87	27
147	0	0
148	0	0
149	19	10
150	73	31
151	6	6
152	341	73
153	342	68
154	0	0
155	30	15
156	115	32
157	6	5
158	14	10
159	0	0
160	16	12
161	18	11
162	62	33
163	53	14
164	6	6
165	38	23
166	9	6
167	28	15
168	0	0
169	0	0
170	14	6
171	0	0
172	51	16
173	0	0
174	12	8
175	0	0
176	0	0
177	2	2
178	0	0
179	46	14
180	56	20
181	16	15
182	28	13
183	17	11
184	0	0
185	31	14
186	0	0
187	0	0
188	65	12
189	0	0
190	58	25
191	5	4
192	16	8
193	22	13
194	0	0
195	19	13
196	35	18
197	5	2
198	26	12
199	80	20
200	0	0
201	0	0
202	0	0
203	20	10
204	330	113
205	311	111
206	1	1
207	12	11
208	41	20
209	0	0
210	23	15
211	60	44
212	7	7
213	74	30
214	0	0
215	0	0
216	0	0
217	0	0
218	0	0
219	39	30
220	30	7
221	0	0
222	40	22
223	0	0
224	31	18
225	126	59
226	0	0
227	75	46
228	0	0
229	19	19
230	30	11
231	54	36
232	5	2
233	0	0
234	50	34
235	0	0
236	24	19
237	8	6
238	39	12
239	1	1
240	6	1
241	12	11
242	0	0
243	0	0
244	0	0
245	9	9
246	16	14
247	27	22
248	5	3
249	0	0
250	66	47
251	0	0
252	17	10
253	1	1
254	0	0
255	1	1
256	27	22
257	78	46
258	0	0
259	0	0
260	12	7
261	1	1
262	0	0
263	8	5
264	0	0
265	7	7
266	7	2
267	0	0
268	0	0
269	32	22
270	27	20
271	0	0
272	3	3
273	57	38
274	0	0
275	0	0
276	54	38
277	12	8
278	45	16
279	55	29
280	1	1
281	0	0
282	17	5
283	37	13
284	9	8
285	34	16
286	0	0
287	6	5
288	25	21
289	53	25
290	0	0
291	77	39
292	0	0
293	13	13
294	0	0
295	8	8
296	20	3
297	0	0
298	0	0
299	5	3
300	1	1
301	59	37
302	0	0
303	27	19
304	63	48
305	17	14
306	335	79
307	341	78
308	52	26
309	22	19
310	1	1
311	1	1
312	43	19
313	7	6
314	19	16
315	0	0
316	36	14
317	12	11
318	0	0
319	12	10
320	0	0
321	3	3
322	9	8
323	0	0
324	68	34
325	0	0
326	0	0
327	1	1
328	10	7
329	0	0
330	0	0
331	28	14
332	4	3
333	28	18
334	70	37
335	26	15
336	11	9
337	11	4
338	0	0
339	0	0
340	67	32
341	0	0
342	0	0
343	130	75
344	13	6
345	1	1
346	0	0
347	10	7
348	28	21
349	0	0
350	47	12
351	95	56
352	3	3
353	65	14
354	17	16
355	2	2
356	17	15
357	16	15
358	12	6
359	27	14
360	0	0
361	0	0
362	1	1
363	0	0
364	51	30
365	26	21
366	5	5
367	31	8
368	33	20
369	2	2
370	11	7
371	15	2
372	0	0
373	0	0
374	0	0
375	46	13
376	0	0
377	8	7
378	0	0
379	74	41
380	0	0
381	11	9
382	3	3
383	0	0
384	0	0
385	28	24
386	0	0
387	10	8
388	2	2
389	75	14
390	0	0
391	0	0
392	84	36
393	0	0
394	0	0
395	32	25
396	0	0
397	1	1
398	31	21
399	3	3
400	0	0
401	0	0
402	17	16
403	28	18
404	29	20
405	0	0
406	45	25
407	66	22
408	342	105
409	380	98
410	153	62
411	0	0
412	49	19
413	0	0
414	1	1
415	40	35
416	59	38
417	60	34
418	0	0
419	29	19
420	1	1
421	0	0
422	98	64
423	39	12
424	45	10
425	116	45
426	0	0
427	0	0
428	99	49
429	1	1
430	0	0
431	3	3
432	5	5
433	56	36
434	1	1
435	0	0
436	0	0
437	0	0
438	0	0
439	4	4
440	65	31
441	2	2
442	0	0
443	59	37
444	35	9
445	0	0
446	2	2
447	33	8
448	1	1
449	56	35
450	77	26
451	48	28
452	1	1
453	3	3
454	25	2
455	29	8
456	76	50
457	5	4
458	0	0
459	72	47
460	0	0
461	35	29
462	61	44
463	54	28
464	2	1
465	68	36
466	3	2
467	104	44
468	0	0
469	0	0
470	52	20
471	44	8
472	5	4
473	42	6
474	29	20
475	47	35
476	44	36
477	6	6
478	0	0
479	33	26
480	128	49
481	42	26
482	23	21
483	0	0
484	37	30
485	1	1
486	0	0
487	25	22
488	39	11
489	18	8
490	0	0
491	25	14
492	29	22
493	0	0
494	74	39
495	24	12
496	0	0
497	60	31
498	9	5
499	70	33
500	91	37
501	47	16
502	30	20
503	0	0
504	55	9
505	40	12
506	1	1
507	0	0
508	4	4
509	0	0
510	393	128
511	374	132
512	40	31
513	7	6
514	7	7
515	42	23
516	8	7
517	68	47
518	0	0
519	1	1
520	0	0
521	39	12
522	46	34
523	7	6
524	6	5
525	4	3
526	0	0
527	2	1
528	0	0
529	48	27
530	59	33
531	0	0
532	40	34
533	4	4
534	0	0
535	0	0
536	0	0
537	11	9
538	0	0
539	30	21
540	0	0
541	15	12
542	20	13
543	15	13
544	47	23
545	69	24
546	6	5
547	0	0
548	16	6
549	0	0
550	8	8
551	65	42
552	0	0
553	46	43
554	29	24
555	8	8
556	112	50
557	86	48
558	0	0
559	0	0
560	5	4
561	0	0
562	20	13
563	1	1
564	30	21
565	1	1
566	0	0
567	62	43
568	37	14
569	57	43
570	44	32
571	0	0
572	6	5
573	30	12
574	0	0
575	12	10
576	6	5
577	45	27
578	84	59
579	30	22
580	26	24
581	0	0
582	42	32
583	1	1
584	0	0
585	0	0
586	24	21
587	83	44
588	0	0
589	3	2
590	0	0
591	1	1
592	48	29
593	1	1
594	59	44
595	132	62
596	0	0
597	48	24
598	3	3
599	113	74
600	32	26
601	56	26
602	0	0
603	0	0
604	54	34
605	0	0
606	44	32
607	25	7
608	13	11
609	0	0
610	27	11
611	24	6
612	0	0
613	0	0
614	18	12
615	61	28
616	2	2
617	39	22
618	0	0
619	0	0
620	5	5
621	4	4
622	65	23
623	36	27
624	8	8
625	106	49
626	0	0
627	1	1
628	0	0
629	0	0
630	0	0
631	8	7
632	72	49
633	4	4
634	71	51
635	62	42
636	27	9
637	45	17
638	40	33
639	2	2
640	20	12
641	2	2
642	3	3
643	1	1
644	119	64
645	17	14
646	18	14
647	60	36
648	1	1
649	35	21
650	0	0
651	55	18
652	12	6
653	56	48
654	1	1
655	51	41
656	42	10
657	49	33
658	1	1
659	51	39
660	0	0
661	36	31
662	360	131
663	381	144
664	8	8
665	25	24
666	9	7
667	4	4
668	37	37
669	8	8
670	0	0
671	3	3
672	72	15
673	86	64
674	108	71
675	69	35
676	69	56
677	35	33
678	0	0
679	8	8
680	0	0
681	59	48
682	51	39
683	56	45
684	51	38
685	84	67
686	0	0
687	96	58
688	74	46
689	0	0
690	87	56
691	46	18
692	100	67
693	30	23
694	106	57
695	0	0
696	30	18
697	25	21
698	27	6
699	78	55
700	2	2
701	10	4
702	74	49
703	38	23
704	83	42
705	0	0
706	31	22
707	50	34
708	45	13
709	69	36
710	0	0
711	0	0
712	126	75
713	5	5
714	87	45
715	45	39
716	72	47
717	1	1
718	5	4
719	46	24
720	82	52
721	0	0
722	73	50
723	0	0
724	30	24
725	49	14
726	9	9
727	55	40
728	55	28
729	3	2
730	45	37
731	56	34
732	1	1
733	2	2
734	0	0
735	11	9
736	63	32
737	3	3
738	116	74
739	15	11
740	0	0
741	0	0
742	70	53
743	92	46
744	2	2
745	0	0
746	40	17
747	117	66
748	2	2
749	67	40
750	99	67
751	38	33
752	106	55
753	90	64
754	80	62
755	0	0
756	123	69
757	0	0
758	65	48
759	0	0
760	75	54
761	1	1
762	1	1
763	5	1
764	68	34
765	0	0
766	41	11
767	32	25
768	4	3
769	66	49
770	1	1
771	0	0
772	2	2
773	1	1
774	82	46
775	5	5
776	1	1
777	41	31
778	11	10
779	0	0
780	0	0
781	28	19
782	0	0
783	0	0
784	121	59
785	6	4
786	79	41
787	38	38
788	64	42
789	41	23
790	62	40
791	71	12
792	27	13
793	18	15
794	36	18
795	61	37
796	129	77
797	29	11
798	0	0
799	72	25
800	89	63
801	42	34
802	77	29
803	2	2
804	82	59
805	0	0
806	15	9
807	103	57
808	22	19
809	55	23
810	39	12
811	5	3
812	113	63
813	0	0
814	425	198
815	422	196
816	376	178
817	392	178
818	4	3
819	0	0
820	135	76
821	134	75
822	7	7
823	0	0
824	1	1
825	4	3
826	174	129
827	0	0
828	0	0
829	28	26
830	56	45
831	49	35
832	0	0
833	120	88
834	51	42
835	30	20
836	0	0
837	11	9
838	26	22
839	1	1
840	31	26
841	28	14
842	50	23
843	0	0
844	2	1
845	5	4
846	54	18
847	17	5
848	9	2
849	132	63
850	110	81
851	86	70
852	64	53
853	0	0
854	50	40
855	1	1
856	0	0
857	4	4
858	4	4
859	52	21
860	38	21
861	19	16
862	43	12
863	35	7
864	0	0
865	51	38
866	225	84
867	50	41
868	0	0
869	123	94
870	1	1
871	0	0
872	118	94
873	14	12
874	5	4
875	11	4
876	0	0
877	0	0
878	0	0
879	25	20
880	57	39
881	58	36
882	0	0
883	12	11
884	0	0
885	47	31
886	0	0
887	31	20
888	81	61
889	1	1
890	36	32
891	0	0
892	20	12
893	40	35
894	14	11
895	202	121
896	0	0
897	30	19
898	97	53
899	86	63
900	149	98
901	48	34
902	2	2
903	66	61
904	41	21
905	0	0
906	0	0
907	93	67
908	23	16
909	41	8
910	0	0
911	0	0
912	49	19
913	70	36
914	102	46
915	22	15
916	40	33
917	3	2
918	0	0
919	36	12
920	0	0
921	102	46
922	85	70
923	105	54
924	125	44
925	38	30
926	1	1
927	0	0
928	0	0
929	0	0
930	58	41
931	130	93
932	0	0
933	126	103
934	55	34
935	22	19
936	94	72
937	0	0
938	183	120
939	5	4
940	77	14
941	0	0
942	63	49
943	0	0
944	95	51
945	0	0
946	78	37
947	69	47
948	145	100
949	34	23
950	0	0
951	0	0
952	111	98
953	37	31
954	0	0
955	0	0
956	5	5
957	4	3
958	49	34
959	1	1
960	135	85
961	47	35
962	0	0
963	60	46
964	52	24
965	0	0
966	47	33
967	55	28
968	62	52
969	29	25
970	83	41
971	63	40
972	27	24
973	1	1
974	53	36
975	74	41
976	37	35
977	0	0
978	50	44
979	87	63
980	20	20
981	15	9
982	87	66
983	22	7
984	0	0
985	0	0
986	0	0
987	47	35
988	9	7
989	35	32
990	106	70
991	69	24
992	14	10
993	10	8
994	0	0
995	33	27
996	40	23
997	181	126
998	1	1
999	0	0
1000	109	74
1001	0	0
1002	0	0
1003	0	0
1004	3	3
1005	0	0
1006	0	0
1007	56	48
1008	10	3
1009	0	0
1010	43	37
1011	27	19
1012	0	0
1013	15	12
1014	59	52
1015	0	0
1016	0	0
1017	43	20
1018	292	178
1019	312	174
1020	296	191
1021	326	201
1022	277	192
1023	305	195
1024	295	180
1025	290	176
1026	341	214
1027	288	189
